1 5000000.0 0
1000 1 10 92955 63 1
0.02 0.02 0.43803891 1.00000000 1.00000000 100.00000000 1.0E-03 5.20051187 0.65880359
2 2 1 0 1 0 2 0 0 2
0 1 0 3 2 0 0 0 3 3
0 4 2 0 1 2 0 1 0 1
0 0 0 2 1 0 0 2 0 3
0 0 0 0 0 0 0 0 0 0
1.0E-5 1.0E-4 0.2 1.0 1.0E-06 0.001
2.350000 50.00000000 0.10000000 0 0 0.02000000 0.00000000 1.00000000
0.50 0.0 0.0 0.00000 0.125
1.405920e+10 8.560800e+10 5.317800 0.250000 220.000000 8.500000 0.000000e+00 1.000000 1.000000
8.500000 0.000000 0.000000 0.000000 220.000000 0.000000
0.000000 0.000000 0.000000 0.000000
